0 0 out1 
1 1 471 
2 2 474 
3 3 477 
4 4 483 
5 5 480 
6 6 486 
7 7 489 
8 8 490 
9 9 491 
10 10 494 
11 11 497 
12 12 503 
13 13 500 
14 14 506 
15 15 509 
16 16 510 
17 17 513 
18 18 516 
19 19 517 
20 20 520 
21 21 523 
22 22 524 
23 23 525 
24 24 528 
25 25 531 
26 26 537 
27 27 534 
28 28 540 
29 29 543 
30 30 544 
31 31 547 
32 32 550 
33 33 551 
34 34 554 
35 35 557 
36 36 558 
37 37 559 
38 38 562 
39 39 565 
40 40 568 
41 41 575 
42 42 576 
43 43 577 
44 44 578 
45 45 579 
46 46 580 
47 47 581 
48 48 584 
49 49 590 
50 50 587 
51 51 593 
52 52 596 
53 53 597 
54 54 600 
55 55 603 
56 56 608 
57 57 609 
58 58 615 
59 59 612 
60 60 618 
61 61 621 
62 62 622 
63 63 625 
64 64 628 
65 65 633 
66 66 634 
67 67 640 
68 68 637 
69 69 643 
70 70 646 
71 71 647 
72 72 650 
73 73 693 
74 74 696 
75 75 699 
76 76 700 
77 77 703 
78 78 706 
79 80 708 
80 79 707 
81 81 709 
82 82 653 
83 83 654 
84 84 660 
85 85 657 
86 86 663 
87 87 666 
88 88 667 
89 89 670 
90 90 827 
91 91 830 
92 92 833 
93 93 834 
94 94 837 
95 95 840 
96 97 842 
97 96 841 
98 98 843 
99 99 673 
100 100 674 
101 101 680 
102 102 677 
103 103 683 
104 104 686 
105 105 687 
106 106 690 
107 107 961 
108 108 964 
109 109 967 
110 110 968 
111 111 971 
112 112 974 
113 114 976 
114 113 975 
115 115 977 
116 116 detections_det 
117 117 detections 
118 0 out1 
